colsample_bytree: 0.7272382816890902
gamma: 0.0011653591692913235
input_chunk_length: 61
learning_rate: 0.009097507768380017
max_depth: 18
min_child_weight: 4.385032244094608
n_estimators: 2543
subsample: 0.43704288675378944
