colsample_bytree: 0.5595361770342077
gamma: 0.004075572799308258
input_chunk_length: 100
learning_rate: 0.008613338730479835
max_depth: 19
min_child_weight: 3.0833870584214984
n_estimators: 1806
subsample: 0.7588170003464478
